v2.0 raw
21000 22800 26000 13*0 821000 821200 22000 22040
821000 821200 20000 22800 26000 7*0 20008 20048
821000 821200 20000 22800 26000 9*0 20002 20042
821000 821200 20000 22800 26000 9*0 20020 220020
821000 821200 20000 22800 26000 9*0 20020 20024
821000 821200 20000 22800 26000 9*0 20008 20009
a0080 200c0 821000 821200 20000 22800 26000 7*0
20002 20003 a0080 200c0 821000 821200 20000 22800
26000 7*0 20002 20013 a0090 200c0 821000 821200
20000 22800 26000 7*0 20008 20109 a0180 220080
821000 821200 20000 22800 26000 7*0 20008 20119
a0190 220080 821000 821200 20000 22800 26000 7*0
820000 820200 23000 22000 23400 23600 20000 22800
26000 7*0 48000 49000 48000 22000 22040 821000
821200 20000 22800 26000 6*0 410020 470020 821000
821200 20000 22800 26000 9*0 820000 820200 23000
22000 123000 123200 20000 22800 26000 7*0 820000
820200 23000 22000 1023000 1023200 20000 22800 26000
