v2.0 raw
61000 62800 66000 13*0 861000 861200 7a000 7a040
861000 861200 78000 7a800 7e000 7*0 78008 78048
861000 861200 78000 7a800 7e000 9*0 78002 78042
861000 861200 78000 7a800 7e000 9*0 78020 278020
861000 861200 78000 7a800 7e000 9*0 78020 78024
861000 861200 78000 7a800 7e000 9*0 78008 78009
f8080 780c0 861000 861200 78000 7a800 7e000 7*0
78002 78003 f8080 780c0 861000 861200 78000 7a800
7e000 7*0 78002 78013 f8090 780c0 861000 861200
78000 7a800 7e000 7*0 78008 78109 f8180 278080
861000 861200 78000 7a800 7e000 7*0 78008 78119
f8190 278080 861000 861200 78000 7a800 7e000 7*0
878000 878200 63000 62000 63400 63600 78000 7a800
7e000 7*0 48000 49000 48000 7a000 7a040 861000
861200 78000 7a800 7e000 6*0 418020 478020 861000
861200 78000 7a800 7e000 9*0 878000 878200 63000
62000 163000 163200 78000 7a800 7e000 7*0 878000
878200 63000 62000 1023000 1023200 78000 7a800 7e000
7*0 11111111 15*0 11111111 15*0 11111111 15*0 11111111
15*0 878000 878200 63000 62000 10063000 10063200 78000
7a800 7e800 7*0 87800 878200 63000 62000 20063000
20063200 78000 7a800 7e800
